0.000010 0.000010 0.591244 0.000010 0.000010 0.000010 0.293783 0.114913 0.000010
0.000017 0.000010 0.593780 0.000010 0.000010 0.000010 0.000010 0.000010 0.406143
0.000010 0.895454 0.000010 0.104476 0.000010 0.000010 0.000010 0.000010 0.000010
0.000010 0.000010 0.294713 0.140667 0.000010 0.000010 0.000010 0.564560 0.000010
0.000010 0.000010 0.000010 0.000010 0.000010 0.000010 0.000010 0.553735 0.446195
0.000010 0.000010 0.000010 0.000010 0.000010 0.128814 0.371075 0.000010 0.500051
0.000010 0.000010 0.000010 0.000010 0.000010 0.000010 0.000010 0.670768 0.329162
0.000010 0.000010 0.000010 0.000010 0.000010 0.000010 0.000010 0.999920 0.000010
0.000010 0.000010 0.000010 0.445716 0.000010 0.000010 0.246337 0.066114 0.241782
0.000010 0.000010 0.089801 0.000010 0.000010 0.000010 0.000010 0.910129 0.000010
0.000010 0.000010 0.000010 0.000010 0.000010 0.000010 0.203761 0.796169 0.000010
0.000010 0.000010 0.000010 0.000010 0.000010 0.000010 0.000010 0.999920 0.000010
0.000010 0.000010 0.000010 0.000010 0.000010 0.000010 0.000010 0.739119 0.260811
0.000010 0.000010 0.000010 0.000010 0.000010 0.000010 0.000010 0.999920 0.000010
0.000010 0.000010 0.000010 0.407677 0.000010 0.000010 0.000010 0.592253 0.000010
0.000010 0.000010 0.131137 0.111009 0.000010 0.000010 0.000010 0.757794 0.000010
0.000010 0.000010 0.000010 0.407677 0.000010 0.000010 0.000010 0.592253 0.000010
0.000010 0.000010 0.398636 0.000010 0.000010 0.000010 0.601294 0.000010 0.000010
0.000010 0.000010 0.000010 0.000010 0.000010 0.000010 0.393792 0.251743 0.354405
0.000010 0.000010 0.000010 0.355238 0.000010 0.000010 0.000010 0.173595 0.471107
0.000010 0.000010 0.000010 0.433872 0.000013 0.000010 0.000010 0.566055 0.000010
0.000010 0.000010 0.271890 0.000010 0.000010 0.000010 0.000010 0.728040 0.000010
0.000010 0.000010 0.000010 0.190097 0.000010 0.000010 0.000010 0.809833 0.000010
0.000010 0.077858 0.000010 0.000010 0.000010 0.000010 0.000010 0.000010 0.922072
0.000010 0.000010 0.000010 0.000010 0.000010 0.000010 0.232581 0.767349 0.000010
0.121097 0.000010 0.123734 0.000010 0.299243 0.000010 0.000010 0.455876 0.000010
0.000010 0.000010 0.000010 0.000010 0.000010 0.286735 0.000010 0.713195 0.000010
0.000010 0.000010 0.120131 0.000010 0.000010 0.000010 0.000010 0.879799 0.000010
0.000010 0.000010 0.000010 0.000010 0.000010 0.000010 0.442146 0.103803 0.453990
0.000010 0.000010 0.000010 0.382739 0.000010 0.000010 0.164945 0.452256 0.000010
0.000010 0.000010 0.000010 0.000010 0.000010 0.000010 0.000010 0.542764 0.457166
0.000010 0.000010 0.000010 0.000010 0.000010 0.000010 0.316693 0.683237 0.000010
0.000010 0.000010 0.797327 0.000010 0.000010 0.000010 0.000010 0.202603 0.000010
0.000010 0.865816 0.000010 0.134114 0.000010 0.000010 0.000010 0.000010 0.000010
0.000010 0.000010 0.000010 0.125532 0.000010 0.000010 0.000010 0.610131 0.264277
0.000010 0.000010 0.000010 0.000010 0.000010 0.000010 0.000010 0.999920 0.000010
0.000010 0.000010 0.000010 0.000010 0.000010 0.000010 0.000010 0.999920 0.000010
0.000010 0.000010 0.000010 0.000010 0.000010 0.479603 0.000010 0.520327 0.000010
0.000010 0.000010 0.126165 0.000010 0.000010 0.000010 0.472847 0.400928 0.000010
0.000010 0.000010 0.770833 0.000010 0.000010 0.000010 0.000010 0.229097 0.000010
0.000010 0.000010 0.000010 0.000010 0.000010 0.000010 0.000010 0.426996 0.572934
0.000010 0.000010 0.152239 0.062926 0.000010 0.252785 0.000010 0.532000 0.000010
0.000010 0.000010 0.000010 0.000010 0.000010 0.586647 0.413283 0.000010 0.000010
0.000010 0.999920 0.000010 0.000010 0.000010 0.000010 0.000010 0.000010 0.000010
0.000010 0.000010 0.000010 0.000010 0.000010 0.000010 0.000010 0.999920 0.000010
0.000010 0.000010 0.000010 0.000010 0.000010 0.000010 0.000010 0.999920 0.000010
0.000010 0.000010 0.000010 0.000010 0.000010 0.285200 0.000010 0.714730 0.000010
0.084862 0.000010 0.000010 0.000010 0.000010 0.000010 0.000010 0.915068 0.000010
0.000010 0.264245 0.004692 0.731004 0.000010 0.000010 0.000010 0.000010 0.000010
0.000010 0.000010 0.000010 0.000010 0.000010 0.000010 0.000010 0.999920 0.000010
0.000010 0.000010 0.000010 0.000010 0.000010 0.000010 0.000010 0.999920 0.000010
0.000010 0.312568 0.000010 0.000010 0.000010 0.000010 0.000010 0.687362 0.000010
0.000010 0.000010 0.000010 0.000010 0.000010 0.000010 0.999920 0.000010 0.000010
0.003385 0.381344 0.191581 0.032799 0.110468 0.003235 0.082224 0.042002 0.152963
0.221899 0.233739 0.012584 0.177802 0.128373 0.005446 0.033561 0.180492 0.006104
0.000010 0.000010 0.000010 0.000010 0.000010 0.000010 0.188306 0.811624 0.000010
0.000010 0.000010 0.000010 0.999920 0.000010 0.000010 0.000010 0.000010 0.000010
0.000010 0.000010 0.000010 0.000010 0.000010 0.000010 0.442146 0.103803 0.453990
0.000010 0.000010 0.000010 0.085850 0.000010 0.000010 0.316778 0.000010 0.597312
0.000010 0.000010 0.000010 0.000010 0.000010 0.000010 0.338718 0.000010 0.661212
0.000010 0.000010 0.000010 0.000010 0.000013 0.000010 0.000010 0.000010 0.999917
0.000010 0.000010 0.000010 0.123173 0.000013 0.000010 0.232428 0.000010 0.644337
0.145117 0.202889 0.000010 0.047708 0.000010 0.000010 0.527577 0.076669 0.000010
0.000010 0.000010 0.000010 0.000010 0.000010 0.000010 0.653180 0.346750 0.000010
0.000010 0.000010 0.113563 0.000010 0.000010 0.000010 0.356015 0.000010 0.530362
0.000010 0.000010 0.000010 0.193440 0.000010 0.000010 0.275246 0.531254 0.000010
0.000010 0.000010 0.000010 0.000010 0.000010 0.000010 0.425588 0.574342 0.000010
0.000010 0.000020 0.000010 0.000010 0.000017 0.119751 0.000010 0.000010 0.880162
0.000010 0.054076 0.000010 0.000010 0.000010 0.000010 0.326313 0.000010 0.619551
0.000010 0.000010 0.000010 0.000010 0.000010 0.000010 0.442146 0.103803 0.453990
0.000010 0.000010 0.000010 0.000010 0.000010 0.156445 0.241201 0.602294 0.000010
0.000010 0.000010 0.000010 0.000010 0.000010 0.000010 0.000010 0.359738 0.640192
0.000010 0.000010 0.000010 0.000010 0.999920 0.000010 0.000010 0.000010 0.000010
0.000010 0.000010 0.268297 0.000010 0.000010 0.000010 0.363794 0.000010 0.367848
0.000010 0.000010 0.000010 0.089997 0.000010 0.000010 0.235825 0.000010 0.674117
0.000010 0.000010 0.000010 0.000010 0.000010 0.000010 0.324547 0.000010 0.675383
0.000010 0.000010 0.000010 0.000010 0.999920 0.000010 0.000010 0.000010 0.000010
0.000010 0.000010 0.000010 0.507632 0.000011 0.000010 0.464630 0.027676 0.000010
0.000010 0.052219 0.000010 0.000010 0.947705 0.000016 0.000010 0.000010 0.000010
0.999920 0.000010 0.000010 0.000010 0.000010 0.000010 0.000010 0.000010 0.000010
0.999920 0.000010 0.000010 0.000010 0.000010 0.000010 0.000010 0.000010 0.000010
0.000010 0.000010 0.000010 0.000010 0.000010 0.000010 0.547062 0.452868 0.000010
0.000010 0.000010 0.000010 0.000010 0.000010 0.000010 0.585610 0.414320 0.000010
0.000010 0.000010 0.000010 0.000010 0.000010 0.000010 0.292618 0.000010 0.707312
0.000010 0.000010 0.000010 0.000010 0.000010 0.000010 0.740458 0.259472 0.000010
0.000010 0.084553 0.000010 0.000010 0.000010 0.000010 0.472939 0.122680 0.319778
0.000010 0.000010 0.000010 0.000010 0.000010 0.000010 0.000010 0.999920 0.000010
0.000010 0.000010 0.000010 0.000010 0.000010 0.000010 0.999920 0.000010 0.000010
0.000010 0.000010 0.000010 0.000010 0.000010 0.697272 0.284117 0.018551 0.000010
0.000010 0.667614 0.000010 0.000010 0.332316 0.000010 0.000010 0.000010 0.000010
0.000010 0.999920 0.000010 0.000010 0.000010 0.000010 0.000010 0.000010 0.000010
0.000010 0.610171 0.000010 0.000010 0.389759 0.000010 0.000010 0.000010 0.000010
0.000010 0.000010 0.000010 0.000010 0.000010 0.000010 0.000010 0.359738 0.640192
0.999920 0.000010 0.000010 0.000010 0.000010 0.000010 0.000010 0.000010 0.000010
0.999920 0.000010 0.000010 0.000010 0.000010 0.000010 0.000010 0.000010 0.000010
